1000
480.8646 73.9492
188.2372 466.2435
150.4585 430.1274
143.2596 405.3960
298.6140 478.1935
351.3492 408.1519
21.1313 86.6801
221.8106 484.8239
138.9774 398.4988
302.7086 469.5143
272.6318 500.1135
100.9519 325.1896
275.1965 487.6553
21.3520 72.6712
181.7488 455.3048
468.9120 118.7812
303.2636 480.8252
79.4484 266.7010
466.9058 128.8493
328.4447 446.1476
221.9301 494.0497
319.8454 452.7253
277.6503 497.5704
209.7533 482.4430
270.6105 502.5128
133.7595 395.5254
303.8427 481.5847
177.4044 458.1813
287.0586 488.3723
318.3178 463.2711
161.2460 434.6845
490.4527 28.8313
38.7763 140.3994
237.4720 495.3825
124.5666 376.9643
209.4728 483.9160
154.6009 424.3936
462.2321 137.3660
380.4581 361.7241
30.9782 118.4437
430.9914 237.6992
40.3212 142.4104
336.9674 436.9442
167.8273 446.3707
50.4846 179.1544
311.2764 478.3872
307.0762 476.8248
273.8844 490.4916
99.4473 328.7715
350.0555 425.5026
172.5602 451.3762
335.6312 448.3126
165.5160 455.5733
94.6107 310.6890
265.5635 498.6231
435.3224 233.7672
375.9579 367.0533
275.9833 497.2710
155.7133 432.3348
27.4336 102.1426
171.8930 451.9223
355.6575 412.5622
487.8376 49.9189
396.6506 333.0604
82.6107 278.2563
184.0402 466.1770
319.2174 463.5857
102.4747 317.6022
410.1761 294.5285
256.9435 499.2928
212.9624 490.0098
396.6038 331.4927
483.1527 61.2421
89.9280 294.2158
305.8938 473.2613
467.2442 121.9059
296.6711 480.8282
245.0337 495.0512
14.9528 57.6995
196.6381 474.7503
170.7383 441.1673
403.5145 312.0122
154.6892 433.1300
404.9073 313.7185
319.6120 457.1788
421.9327 265.6377
28.0767 105.5623
454.8582 155.6284
176.4005 456.8648
117.8960 361.0612
124.1804 376.8238
489.8053 42.2941
188.1168 470.1648
32.8471 122.6821
277.1645 492.4954
123.4536 373.6679
289.4476 486.6671
134.8504 396.5889
141.8314 401.2052
409.8424 292.9171
34.8657 125.3584
498.5574 -0.9299
381.1104 365.3023
378.6881 367.2382
56.5287 199.8282
83.9259 288.2162
332.6835 441.6015
85.1656 284.8083
414.4853 280.5272
311.2408 464.4870
460.7336 141.6813
134.8127 397.2168
170.4074 453.4824
43.3858 159.0176
489.4743 45.9637
84.8619 282.4784
65.8805 227.9054
50.1603 185.5271
102.3721 328.5459
344.2887 431.6331
218.4291 491.0604
52.7677 185.5879
488.0640 41.6068
129.0163 390.0740
332.6458 437.9477
404.7224 301.1681
324.9346 455.5767
271.7302 493.2425
185.6908 459.5926
127.9867 390.0736
195.4576 475.9467
153.7658 429.8798
274.9662 501.3816
422.7515 262.1774
19.4106 72.8300
354.4310 416.1345
306.9401 475.5227
323.3752 456.5018
372.2277 382.2336
215.9387 487.1604
90.6758 287.5550
355.0153 422.1954
200.9820 476.9250
284.7094 492.6712
178.7783 458.4881
128.9959 385.3521
299.0408 492.1746
379.1990 369.0129
473.0617 93.1448
410.4381 285.5793
199.4440 480.4964
181.0130 460.0941
81.1312 277.2478
18.7509 76.0999
490.4945 32.0149
24.0489 89.2237
191.0437 472.5045
266.1797 499.3143
438.4604 218.8628
303.9710 472.7674
414.3129 287.6732
449.3364 175.7582
212.1603 486.4538
276.2812 494.9396
388.5150 346.5094
229.5193 496.5988
141.6913 402.1195
314.6255 465.7509
193.1809 478.7587
301.8973 475.9537
48.2685 168.5569
157.1729 429.7002
128.7471 390.1825
2.6213 13.0296
197.1667 482.5070
168.1367 441.0229
13.8839 61.7528
382.5747 361.7757
69.5692 233.4103
428.4026 241.0438
264.4641 500.9720
252.6770 504.1225
370.7913 378.9497
375.5986 382.3759
237.7288 506.2134
88.7357 287.2646
270.2795 497.2464
123.6791 372.6756
498.0826 3.9805
270.3461 483.9661
5.2410 23.1226
270.9120 495.1943
37.7819 144.0183
195.4661 482.1763
177.8389 460.5384
379.2590 359.0051
44.4520 164.0735
359.9170 413.7774
314.7587 470.2146
389.3888 338.4595
253.0767 499.1481
363.5636 398.1494
386.9501 361.0713
350.9148 417.9436
67.6203 233.1497
186.9968 467.0209
237.2708 503.3442
58.0604 206.7643
458.0920 158.0064
238.0606 503.0353
415.4671 280.2461
193.2355 478.3792
40.7621 150.3934
336.5559 431.9284
187.8087 458.2884
257.6628 500.7899
492.1088 32.4979
128.3018 381.2206
386.0314 345.5180
23.4332 83.4464
28.0391 101.4417
293.6090 490.0966
434.4906 221.2099
230.9543 492.6285
260.3188 508.6155
472.7946 103.3394
489.7686 36.4595
175.2316 453.7388
6.1403 27.4955
205.0779 484.9688
484.4496 61.8627
326.9136 449.6693
363.0129 394.8294
373.3108 373.3808
483.5921 67.3520
72.7612 238.5355
50.9464 177.8629
149.4985 418.0609
125.3036 375.8814
208.4506 482.8591
411.9178 289.4006
261.4604 488.0441
243.7346 493.6883
409.1891 293.9058
2.7709 18.3911
468.9094 119.2174
471.7721 106.0586
306.5916 474.0990
487.2130 62.9861
95.0068 313.9575
116.5283 354.3677
238.4662 499.7355
355.9284 411.9406
76.3804 256.9805
150.1880 418.4091
7.7438 28.7211
176.1099 448.3724
226.1099 488.6989
446.9650 193.1619
233.6534 497.2615
219.9046 499.8545
373.9524 373.4107
382.2664 359.6170
73.7790 256.5452
364.9206 398.3462
436.2167 222.3601
390.1268 336.4075
157.2572 433.7839
177.3454 456.4109
341.5237 435.9841
464.0401 137.7930
99.6785 322.0596
376.3854 375.7601
75.3474 262.1572
275.3657 499.4892
165.0888 444.6775
347.4501 423.1487
265.2814 501.1677
317.3916 456.9756
191.8335 475.5762
105.1224 331.5569
416.0990 280.0030
153.3574 431.8553
411.4814 292.4635
456.6203 158.3345
257.1834 496.8200
156.5397 427.2500
430.9558 238.2954
118.7031 365.1786
259.9505 494.4514
320.0941 460.9226
487.8527 51.0173
497.5931 15.2962
476.7408 86.3871
46.5297 171.1252
418.5453 279.7488
419.0911 263.4206
15.1037 59.9198
219.0256 500.1351
372.5736 380.4393
465.5771 124.8983
268.5306 490.8146
377.1945 371.8403
475.4067 98.0903
472.0906 101.5554
300.3137 480.4961
456.7590 162.5363
118.6606 357.2415
457.5858 156.8260
391.3010 337.0313
318.6656 471.6820
437.4091 220.5366
32.3876 114.8400
463.1643 132.7385
182.8713 460.5787
39.5101 148.3461
239.1787 494.3693
115.3322 358.2284
236.2638 495.7343
430.3863 239.2836
488.0545 52.0329
238.1941 504.9599
176.8927 447.2156
414.3143 283.7986
83.6229 284.7909
268.0557 499.7936
210.2798 481.5668
197.4386 475.9955
463.1528 128.9407
267.4919 495.6024
491.0381 31.6148
492.1682 31.9048
26.5657 100.6880
193.5527 475.1604
410.6083 299.3772
358.8112 402.5206
407.9208 297.5518
202.6342 486.4299
242.6752 496.7514
184.1302 468.9058
40.6992 145.3637
421.2461 263.6353
2.8552 8.5942
490.7497 33.7798
394.3737 337.0575
461.7525 137.5923
259.8985 493.6801
274.0698 492.7481
48.7535 173.3184
106.3809 322.9667
417.2158 276.5200
295.4253 484.1693
343.1398 441.3405
373.2961 374.4726
393.2489 333.5344
293.8654 487.5340
234.5294 502.6313
90.2217 298.8761
38.2713 139.2355
262.7912 496.6936
403.2012 315.7726
122.2631 370.6720
288.7464 488.3989
78.8968 277.2955
281.1576 489.3237
322.9436 459.9670
5.9189 17.1971
179.3170 460.6096
174.2382 455.8106
61.0926 216.5645
134.0801 398.1360
447.9358 184.8359
415.3748 285.5136
93.0028 307.3159
230.5048 499.7694
151.0701 423.4946
316.9360 459.9923
424.3217 261.0577
170.4067 447.1715
407.9905 301.1303
401.9177 316.4076
325.4872 453.7232
99.4276 321.1211
184.7099 472.7029
289.8793 486.5774
373.7018 375.8460
421.4721 266.7863
160.6373 436.0347
395.0922 325.6568
248.9834 506.3508
330.0785 448.4489
185.6782 467.5536
456.8154 163.6009
155.8612 428.5767
190.6975 467.9381
173.9725 448.4855
451.0476 176.8172
109.4928 338.4119
384.4525 355.8492
327.7401 450.9405
428.2512 240.1402
494.5531 14.1039
126.0752 377.2461
411.6237 284.1688
475.8485 86.8083
123.9393 372.1440
117.9620 355.3083
349.5818 420.0120
379.3347 365.3699
378.4682 372.9707
401.4396 319.8411
428.9566 250.7599
442.3445 205.3331
157.7302 436.6666
91.9029 302.7572
173.0451 448.9186
414.7130 280.9851
439.7979 205.4586
3.1164 11.5740
112.9216 356.5465
126.7060 376.4526
407.3644 300.6747
178.6196 454.1375
115.3616 354.2216
111.8278 347.9838
147.5082 419.5454
45.7344 166.8242
117.3863 367.6392
16.9561 66.5385
365.3685 392.9676
259.5519 498.1545
30.9534 115.4908
452.5804 186.8480
213.8774 492.0008
34.3078 124.1637
200.4992 487.4967
439.7253 210.9057
332.6398 441.6269
172.4637 460.2938
324.1487 453.4835
161.2930 442.8275
195.9171 476.0728
407.8278 302.2002
382.1765 363.8696
344.6311 427.6162
472.5671 99.8443
18.7905 81.2522
237.7860 499.4556
296.0926 485.9554
28.9629 101.4132
381.0429 353.5191
162.9750 441.5147
355.8970 415.0478
131.9539 385.6438
229.0608 507.3302
161.9791 441.6295
256.4604 502.7151
271.9448 496.0628
498.0801 6.8138
429.5771 241.7264
403.9084 297.0376
283.8125 491.2104
494.3438 31.4895
75.9715 264.8915
96.1929 315.2962
493.7093 38.1088
264.5521 502.2978
409.3127 300.5911
319.7627 456.2177
101.0282 316.1076
487.7963 51.0814
230.7529 506.0645
72.8679 249.0846
340.8255 435.0047
465.9700 120.6623
468.5238 116.6746
179.3788 465.6934
128.8304 381.0217
49.9478 178.6556
448.4278 172.7172
359.0058 412.0896
67.9203 229.0825
229.9399 495.9639
341.1031 431.0541
201.8780 484.8382
486.7104 53.7491
116.4771 360.6257
79.1100 259.1253
442.9259 199.9880
143.5955 411.2907
160.8180 435.8063
385.2371 351.5635
225.2463 502.4358
94.2164 308.8238
27.8643 114.5465
111.8547 349.6021
270.8582 498.7690
327.3809 450.8609
337.5568 439.9289
445.4856 196.2939
242.3166 498.4330
324.4812 448.3654
187.3313 456.3210
497.7069 5.9261
174.2845 451.2835
261.5067 493.6596
59.8293 213.7970
237.4600 501.2742
241.5752 492.0374
32.3118 116.7313
454.7010 165.9398
213.1124 483.9863
485.2295 51.0843
154.2505 417.8091
18.3054 74.6692
254.3639 497.3850
208.4428 491.8498
86.5649 279.0496
351.6673 414.4686
425.3909 257.6886
408.2256 301.2399
482.0714 77.5607
114.7424 352.9955
442.7181 197.0360
474.8708 102.7860
81.0313 263.6811
355.4084 411.6214
366.1297 382.7530
305.8053 472.2243
317.6706 468.6081
311.4639 472.7091
466.4628 123.0405
213.5909 492.9558
484.6610 63.1847
276.0247 492.1303
428.8773 244.4285
150.1202 425.0202
163.3117 432.8449
387.7610 351.1842
457.8741 159.2382
364.7871 404.9277
287.8868 485.5888
228.4189 500.3475
52.9861 196.1856
105.0865 334.3092
140.7379 403.4236
55.3533 198.4921
123.1981 379.1393
311.6264 473.2731
391.6693 338.0760
186.2540 472.5242
198.8661 476.5381
398.8590 320.9315
372.9007 373.5454
395.1847 335.6404
409.0736 289.6228
61.7827 214.8228
202.7751 470.3886
0.5990 8.2329
203.7425 487.9497
103.2195 329.9845
167.7092 449.8653
103.1870 331.8430
287.9745 499.3757
81.0918 266.7446
288.5583 491.0806
33.9996 121.5999
121.7153 376.0414
425.0050 260.8434
80.6329 261.9654
437.6206 221.0488
32.7858 115.3689
423.5359 256.2778
339.7728 436.6283
47.7298 169.4985
436.4980 222.6920
137.6002 410.3550
431.1779 231.6254
126.5275 373.3101
168.5407 449.7608
325.1911 449.5809
295.8566 479.0260
389.4165 342.4204
378.2929 371.8301
145.7334 415.6882
31.0993 117.6647
275.9984 499.9956
489.1644 44.7384
38.0451 143.0948
221.7685 493.2080
48.6816 169.4792
195.0917 472.5950
326.4118 447.2534
17.9703 71.8405
350.4194 420.2385
192.9462 478.5410
96.3176 313.3385
156.0242 433.1378
330.0013 446.8611
325.6494 462.1001
38.2294 144.1185
130.8605 385.5712
246.4995 496.4569
101.2324 325.1578
391.0264 342.6954
403.5821 312.3656
478.7547 77.0809
71.7630 252.7236
416.8498 271.6656
217.9650 492.0869
193.9966 478.6916
222.9082 494.6268
44.6048 162.1064
364.3514 396.5200
333.5292 441.3398
77.4991 263.6776
463.0099 144.1126
259.1766 499.0648
322.1828 463.6659
393.9733 338.4293
227.6512 501.5996
61.2682 219.2851
431.4305 234.2434
494.4478 20.8281
405.2443 312.0829
291.4205 483.6906
490.6525 35.0778
361.8666 393.4678
52.6118 185.6360
68.4611 239.3407
207.3953 489.4759
206.9151 487.1267
121.2338 370.3465
398.9804 319.8089
388.7425 346.0334
358.1089 404.7540
102.5433 319.9605
64.4342 226.5948
62.4623 217.2568
150.9041 422.8726
161.2588 439.4267
308.0239 472.3231
86.9667 294.2807
354.7473 408.7935
106.5839 339.1944
468.0794 128.9322
222.3182 492.2321
184.8397 471.6946
165.0028 438.7617
197.7922 482.9121
265.2297 496.4913
437.3024 225.8156
440.9783 198.4714
387.2545 357.2784
127.5645 385.1061
174.1270 453.3429
399.9422 325.1939
442.5862 196.8202
175.1035 464.4988
266.2122 497.4637
236.2758 494.7469
199.3796 482.7330
273.9084 487.1958
181.0560 466.3681
453.4904 166.3498
355.1022 410.3191
326.3254 446.5717
310.6055 468.2174
135.5118 403.4156
54.6703 194.6386
119.1024 365.8159
79.5053 273.2622
252.0358 505.7027
124.1482 374.2121
340.1340 431.5388
478.7068 90.9527
86.2084 278.8427
396.1160 330.8635
7.2260 35.0695
226.7780 495.0179
35.2026 144.3811
114.1378 341.7668
182.7948 462.4602
331.4218 439.8939
225.7735 495.9840
319.8471 460.9305
153.6913 418.0978
326.7288 450.6793
31.0017 119.5747
221.0732 491.8844
277.4193 491.2338
144.7607 409.2661
224.8503 490.4932
71.8456 246.3919
185.8972 475.8206
404.1978 305.4041
55.5661 191.1743
250.3958 499.4984
140.3682 405.4105
221.9980 491.6475
263.9654 489.3662
333.4612 437.5932
148.3994 411.8873
371.0089 386.0154
109.6238 335.1778
474.4735 100.3519
378.6262 367.4454
361.8761 393.8640
286.6897 490.8538
30.7728 116.7994
327.4048 457.8785
26.4251 100.8939
371.9266 372.9702
471.1933 115.2532
21.6174 80.0638
358.3205 408.7145
443.0980 196.1379
390.0386 340.5789
355.3049 410.9983
331.8433 449.4823
282.2135 488.6626
199.6051 476.5031
176.2821 453.3170
130.2541 390.4412
44.3071 167.5420
460.4458 141.9262
76.3075 258.9733
432.2838 237.0568
369.1461 379.0916
130.8759 388.2475
387.8558 350.4456
198.5483 473.3819
232.4290 494.5884
175.0042 448.4646
245.0052 495.5342
322.2629 457.6707
409.7605 303.1272
485.3046 48.9838
442.7966 207.7045
268.3188 494.5992
487.7291 43.3356
75.1614 259.0477
424.4752 251.3581
65.1465 231.2338
435.7532 223.0862
337.7476 429.3131
156.4193 428.3735
109.6926 351.9512
431.2167 249.6357
207.3610 489.4643
81.4611 270.4358
90.9996 300.5925
0.7334 -4.6486
180.8109 462.6413
148.1276 417.7596
229.7779 495.7036
481.0341 82.4781
486.0492 60.2448
213.6286 485.1559
470.2298 114.9395
398.5858 332.7498
325.6035 464.5328
494.9904 18.6361
119.5051 354.5781
194.1905 475.1813
248.3497 498.7494
332.0349 444.8632
98.2762 313.0887
92.0135 305.6376
238.1338 488.6751
495.8709 22.3279
1.6821 8.6362
223.5487 489.5455
129.6268 386.9889
261.0840 497.3653
369.8366 397.1030
115.0819 354.2749
55.1848 194.9940
384.0115 362.5688
260.6479 502.2985
326.0668 449.3280
331.3773 440.8984
275.7232 498.2653
367.1894 395.7476
4.7547 18.1862
206.3961 481.6033
458.3828 149.1337
328.0680 453.5497
435.5140 224.3647
130.8355 392.2731
222.6925 489.4808
118.0609 368.8789
104.2236 324.9489
395.0001 333.6107
68.4537 238.8999
126.3040 379.2417
266.6184 489.5416
13.1428 50.8943
481.5362 71.3297
428.2120 251.5965
492.1249 25.7353
270.5389 498.9877
291.7692 480.7567
42.2090 146.0780
404.5827 300.8530
405.8401 302.5524
92.9600 305.6620
378.7717 368.2813
164.7958 433.1884
136.0414 405.2954
355.8939 408.9300
431.5097 239.4028
7.7577 29.0574
427.8377 245.5000
219.2543 491.3676
239.0288 496.8769
109.3540 333.6217
376.6213 368.5659
73.8282 260.2906
364.0742 399.4486
272.7135 498.0740
72.4987 240.6852
93.2328 301.6768
326.3166 456.5001
220.9541 497.4799
475.1642 91.3428
493.3990 18.9432
167.0743 438.9495
458.1819 160.6511
265.6337 495.0753
191.5413 466.7278
247.3442 490.8292
194.1426 477.2883
124.7859 379.7362
376.2916 372.9185
411.9835 287.5719
38.0447 141.0118
330.7990 445.3909
71.2968 246.9582
68.4746 236.3839
268.3199 499.2494
260.6918 504.0355
372.2864 379.0530
468.3380 123.7347
60.3810 215.5183
215.8524 490.3594
237.3584 500.0134
114.6299 356.8043
140.3604 407.5170
493.3194 20.3132
291.4123 488.4952
244.3591 494.1728
308.2708 470.8662
277.3702 496.1270
424.7763 262.6958
281.5106 499.5138
319.3327 461.9405
130.9638 385.9023
481.6821 67.5823
58.0591 204.7327
238.3566 499.0903
258.6606 508.8679
473.5040 101.2482
141.5950 414.5512
492.5014 41.0003
275.6636 505.7284
461.7519 134.6878
23.4724 75.5072
236.1855 510.2502
323.0195 446.5087
283.7109 483.0620
6.4323 27.8912
57.3129 199.7308
46.7250 168.7113
365.7187 396.5742
123.0193 370.4190
489.8144 47.0898
366.8878 392.3922
218.9640 489.6299
231.2913 499.4152
385.9700 345.3204
386.3441 351.3299
331.2819 456.6777
126.8301 380.1364
202.6975 481.3899
436.7944 217.2430
3.2414 6.7628
19.5644 78.0808
163.5283 445.1173
180.1278 457.6501
458.1956 156.2299
193.0398 462.0476
198.7019 480.3927
42.5758 155.5964
142.7982 411.5084
240.2033 503.3871
81.3471 272.1193
198.2600 474.4048
483.2663 64.5425
489.7629 46.1185
111.5186 349.6741
183.5421 461.6370
77.6596 265.8031
468.8379 125.2551
78.4411 261.5747
112.3209 346.4525
174.8069 450.9541
463.4662 139.2910
386.2619 341.7076
494.3260 32.6376
285.0064 492.7581
380.1271 366.2545
414.3878 286.1947
123.5544 365.5534
452.0615 182.6387
327.8102 461.8819
384.1510 352.7830
498.3178 10.1115
306.1436 478.7467
151.9016 415.7230
333.1374 444.0290
476.6331 88.0183
256.0917 504.7474
165.9977 441.3072
81.3250 265.9919
364.3475 396.1138
487.0831 53.1508
294.6077 494.9348
31.5468 122.6866
460.4793 145.9028
21.9770 81.6608
39.5937 154.5412
24.8352 91.2811
182.3194 469.8791
407.9140 299.9171
204.7483 483.1824
222.4868 485.0915
51.4006 183.8228
168.6967 446.1948
261.3191 493.1091
269.6177 493.0701
440.8619 208.0768
378.8242 366.9460
369.6113 387.0110
124.6908 376.9447
404.6762 318.1719
335.9588 437.9387
451.4500 167.9311
68.5604 225.1934
154.0497 428.5758
39.3069 143.9629
232.3435 500.1203
233.0100 491.4518
162.6594 440.9915
443.5007 198.3256
214.9246 488.9217
219.6614 499.4386
287.5790 488.4660
328.6587 455.9501
183.3064 466.1819
385.4800 359.4019
40.5249 152.5080
140.8737 402.8643
155.2620 426.2833
319.9061 456.4100
133.7384 391.4529
83.1705 269.9388
410.4267 297.6870
395.9485 338.0256
70.3674 239.2311
94.8971 303.1975
106.2442 342.3081
437.4954 231.2922
155.3723 434.4573
384.2331 356.1476
392.9988 331.8343
285.0296 488.7786
227.3742 488.5170
153.2509 425.8632
85.7904 284.8638
220.5872 490.7996
72.0497 238.0830
468.6677 124.5808
43.9524 164.0722
136.6679 393.2166
102.4823 324.9015
275.6497 490.3614
313.0196 468.4951
275.5778 488.6828
359.2762 408.5880
145.0560 418.3263
116.8293 354.5122
348.8366 421.9513
426.7896 238.9798
375.3366 373.0416
10.8563 43.5224
459.1522 148.9210
393.7850 335.3919
36.5520 136.5946
213.0566 494.4033
